PSB 1
30 600

alien 0 20
137
30
50
124
290
5
422
545
411
9
511
311
31
547
418
573
220
133
18
228

ants 0 20
200
509
518
528
38
1
356
257
141
599
192
484
347
209
34
140
319
37
174
39

armadillo 0 20
473
344
201
403
226
54
457
539
370
597
55
574
522
279
138
341
489
260
61
558

bird1 0 20
60
288
41
46
33
45
66
159
352
527
157
118
477
79
589
408
76
270
149
385

bird2 0 20
80
520
490
83
100
559
546
584
349
533
494
101
130
307
357
500
417
400
358
96

camel 0 20
431
219
35
439
336
300
538
481
92
420
536
453
464
106
306
242
497
398
52
187

cat 0 20
44
253
287
74
51
448
555
320
334
94
449
488
406
277
217
98
259
7
123
480

centaur 0 20
95
362
173
276
168
405
281
377
514
363
392
526
570
252
576
6
156
326
565
475

two_balls 0 20
85
540
27
569
164
327
19
167
548
196
20
472
415
551
483
249
180
103
425
179

dinosaur 0 20
595
231
12
70
298
375
255
135
549
215
557
361
87
368
421
172
571
171
286
199

dog1 0 20
216
373
436
203
367
99
49
309
125
305
462
136
409
354
393
331
476
197
193
144

dog2 0 20
8
445
47
189
182
493
267
459
207
40
507
504
93
582
467
337
250
468
269
178

glasses 0 20
441
530
97
299
29
86
175
225
48
412
208
43
170
371
369
479
506
442
102
524

gorilla 0 20
340
4
355
474
223
482
452
13
105
82
177
469
26
115
297
42
261
478
432
471

hand 0 20
280
77
390
508
284
593
56
384
150
312
572
328
391
501
512
317
154
221
413
160

horse 0 20
402
364
529
303
304
301
117
359
234
343
142
295
550
184
265
485
325
348
579
454

lamp 0 20
165
113
121
185
63
596
91
194
71
346
237
262
427
202
132
183
324
16
122
396

laptop 0 20
266
460
537
577
292
568
247
388
17
564
134
429
198
293
313
204
143
229
588
455

man_test 0 20
360
451
338
342
404
296
542
278
78
519
315
59
372
532
426
437
376
21
446
379

octopus 0 20
380
210
161
263
112
243
386
69
314
302
10
258
562
227
166
321
28
15
67
153

pliers 0 20
366
401
213
11
525
62
230
447
553
218
531
339
109
505
32
275
155
107
374
419

rabbit 0 20
594
254
119
382
88
463
246
176
495
23
438
73
25
517
365
541
90
186
127
162

santa 0 20
2
240
114
486
273
129
232
465
583
430
424
435
146
236
591
271
126
433
308
272

myScissor 0 20
211
139
543
151
378
152
466
224
283
407
148
470
24
64
233
499
65
110
214
282

shark 0 20
351
353
111
423
456
516
188
268
394
443
289
498
104
53
323
291
496
316
492
241

snake_test 0 20
235
428
515
251
383
206
245
560
181
0
510
163
350
333
120
575
75
561
556
329

spiders 0 20
535
387
239
523
285
322
205
414
491
145
567
513
264
502
318
244
552
108
566
57

dino_ske 0 20
222
190
330
487
544
128
274
590
195
440
397
399
14
598
554
434
444
81
116
84

flamingo 0 20
248
169
72
335
212
131
158
191
256
563
389
458
58
3
587
310
68
450
578
416

woman 0 20
345
581
22
147
503
585
586
461
89
294
521
332
592
381
395
238
410
36
580
534
